t = [1,2,3,4,5,6,7,8,9,10,11,12,13,14,15,16,17,18,19,20,21,22,23,24,25,26,27,28,29,30,31,32,33,34,35,36,37,38,39,40,41,42,43,44,45,46,47,48,49,50,51,52,53,54,55,56,57,58,59,60,61,62,63,64,65,66,67,68,69,70,71,72,73,74,75,76,77,78,79,80,81,82,83,84,85,86,87,88,89,90,91,92,93,94,95,96,97,98,99,100];

y = [-1.22234844756042,-1.85226346918601,-0.457401508559523,-2.54091992707025,0.690235201493522,-0.575642499374133,2.49890146665407,-0.0198628323540819,2.60505195804050,-1.28589605134255,-2.27031280075623,-0.372157431660217,2.90605220185520,4.04815101228550,0.598438843033826,5.01283906124006,1.72986336927551,2.29913823449363,1.55712934518012,1.11392655676662,2.83987256708205,3.55783299420165,2.09474089688324,-2.76959547560304,7.02992862422419,0.914359678300933,6.79001006442968,5.09744923053040,-2.16187925131646,3.30966219432803,3.95764675004140,5.18067138544772,4.92791829852642,5.05112931899611,4.63660580194780,5.03870463769748,7.74319823131151,5.60138584905473,4.40491603031497,4.97242461156857,6.41860167167275,5.29056303096710,3.99906417326009,3.72964190148703,6.64637730519158,8.25145119916745,9.16596692119658,8.62377291009389,5.63643045063521,9.02857276875688,5.68336015098328,7.75460510400442,5.62455832734540,11.3321546098630,9.92626232729113,11.2482741964897,9.52288847052012,10.7833615709264,8.43285221570604,8.41310295921089,9.40875200251322,15.5485160533507,13.1617444740184,12.2985349414965,12.4566133590443,11.8932115920882,17.1867572013143,17.1406723339979,16.7050347426171,17.3362952575900,19.7091118716027,20.0814342698121,21.4648415899416,17.2971449026712,18.8085698313307,23.3135743738690,23.9445309048304,24.8332782365465,23.8414255813411,25.0439078764512,24.8791995863205,26.5000467826336,30.4077975725957,29.4048731674028,30.4510054058543,32.0010865241366,29.1350035821699,37.8696218744701,34.0927986537110,40.8673117368417,38.0402716449861,40.9265308124915,40.2861574443702,46.1778391718444,44.9253816747466,46.5633285669536,49.5567919709028,52.6270980175618,50.4005250805063,51.8945733482379];
